mul_rate: 0
auc_min: 0.8087119942156542
auc_mean: 0.6688160597767259

