mul_rate: 0
auc_min: 0.8264357616957451
auc_mean: 0.7477449835537741

